00000000000000000000
0000000000000000111100000000
00000000000011111111000000
00000000004111111111100000
0000000041111111111110000
000000411111111111111000
00000000000024222242000000
00000000000023222232000000
00000000000022222222000000
00000000000000000000
#
01010101010100101010
00000023222232000000
00000023222232000000
#
00000000000000000000000000000000000000000000000000000000000
0000000001111000000000000000000000000000000000000000000000
00000001111110000000000000000
0000001111111000000000000000000
000000111111100000000000000002220000000000
000001111111100000000000002222200000000
00000110001000110000000000002224220000000
000001100010001100000000000022242220000000000
00000110001000110000000000022222200000000000
0000111111111000000000022222000000
00001111111110000000000222200000002
00001111111110000000000222200000002
000011000110001100000000002222200000
00001100011000110000000000222222
000010010000001001000000000002222222
00001001000000100100000000000222222
000011111111100000000000022222
000011111111100000000000000222
00001110110111
0000011000100011000000000000000
000000000000000000000000000000000000000000000
#
1234
