00000000000000000000
0000000000000000111100000000
00000000000011111111000000
00000000004111555511100000
0000000041111111111110000
000000411111666611111000
00000000000024222242000000
00000000000023222232000000
00000000000022222222000000
00000000000000000000
#
01010101010100101010
00000023222232000000
00000023222232000000
#
00000000000000000000000000000000000000000000000000000000000
0000000001111000000000000000000000000000000000000000000000
00000001111110000000000000000
0000001111111000000000000000000
000000111111100000000000000005550000000000
000001111111100000000000005555500000000
00000110001000110000000000005554550000000
000001100010001100000000000055545550000000000
00000110001000110000000000055555500000000000
0000111111111000000000055555000000
00001111111110000000000555500000005
00001111111110000000000555500000005
000011000110001100000000005555500000
00001100011000110000000000555555
000010010000001001000000000005555555
00001001000000100100000000000555555
000011111111100000000000055555
000011111111100000000000000555
00001110110111
0000011000100011000000000000000
000000000000000000000000000000000000000000000
#
7474747474747474747
4747474747474747474
7474747474747474747
4747474747474747474
#
00000000000333333                      
000000000333333                     
00000000333333333
00000000333333333
000000004446646
000000004446646
00000000646664666
000000006446664666
000000006446664666
000000006446664666
00000000666664444
00000000666664444
0000000066666666
00000000331333
00000000331333
0000003331331333
0000003331331333
0000333311113333
0000333311113333
0000663151151366
0000663151151366
0000666111111666
0000666111111666
0000661111111166
0000661111111166
000000001110000111
000000001110000111
00000000440000000044
00000044400000000444
00004444000000004444
00004444000000004444
#