11
#
41
 1
#
  
  
#
  
1
#
5545
#
0221698
#
077777
#
01234567
#
0000000000222222
00000022222222
00000222222222   
00000222111222
00000221111122              555555
00000216464612             5555555
00066664646666          55555555
00066666666666          5550000555
000006664646660           550000000055
000006644644660           5500550055
000000066444660             555550055
000000000666660               55500000055
00000001666661              5550000555
00000212666212            555005555
00022122222122          55555555
02221222221222        555005555
02221122211222        555005555
02221122211222        55555555
02211111111122         5555555
00011551115511            555555
00000155111551
00000111111111
00000111111111
00000011111111
00000011111111
001111000000001111
001222000000002221
1222210000122221
#
00111110011111001111100111110010011111
00000100000010000000000000010000001000000100100100
00000100000010000000000000010000001000000100100100
00000100000010000000000000010000001111100100100000
00000100000011100000000001000000110000000010011111
000001000000100000000000000100000011110000100000000001
0000010000001000000000000001000000100110000100000000001
0000010000001000000000000001000000100011000100000000001
00000100000011111000000100000010000110010011111
#
00000000000000000000
000000000000000111100000000
00000000000011111111000000
00000000004111555511100000
0000000041111111111110000
000000411111666611111000
00000000000024222242000000
00000000000023222232000000
00000000000022222222000000
00000000000000000000
#
01010101010100101010
00000023222232000000
00000023222232000000
#
00000000000000000000000000000000000000000000000000000000000
0000000001111000000000000000000000000000000000000000000000
00000001111110000000000000000
0000001111111000000000000000000
000000111111100000000000000005550000000000
000001111111100000000000005555500000000
00000110001000110000000000005554550000000
000001100010001100000000000055545550000000000
00000110001000110000000000055555500000000000
0000111111111000000000055555000000
00001111111110000000000555500000005
00001111111110000000000555500000005
000011000110001100000000005555500000
00001100011000110000000000555555
000010010000001001000000000005555555
00001001000000100100000000000555555
000011111111100000000000055555
000011111111100000000000000555
00001110110111
0000011000100011000000000000000
000000000000000000000000000000000000000000000
#
7474747474747474747
4747474747474747474
7474747474747474747
4747474747474747474
#
00000000000333333                      
000000000333333                     
00000000333333333
00000000333333333
000000004446646
000000004446646
00000000646664666
000000006446664666
000000006446664666
000000006446664666
00000000666664444
00000000666664444
0000000066666666
00000000331333
00000000331333
0000003331331333
0000003331331333
0000333311113333
0000333311113333
0000663151151366
0000663151151366
0000666111111666
0000666111111666
0000661111111166
0000661111111166
000000001110000111
000000001110000111
00000000440000000044
00000044400000000444
00004444000000004444
00004444000000004444
#
01234567
#
01224
#
@