##
aaaaaççççç9999900000005555005555005555
00000000000000050000500500005005
00000000000000050000500500005005
00000000000000055550055550050000000055
000000000000000500000000500005005
000000000000000500000000500005005
000000000000000500000000500005005555


0000000000000005000000500555500500005
0000000000000005500550050000500500005
000000000000000550055005000050055005
000000000000000555550055550055005
000000000000000500500500500005005555
00000000000000050000005005000050050055
000000000000000500000050050000500500005

#









00000000000000000000000000000000000000000000000000000000000000000
0000000000000001111000000000000000000000000000000000000000000000
00000000000001111110000000000000000
0000000000001111111000000000000000000
000000000000111111100000000000000005550000000000
000000000001111111100000000000005555500000000
00000000000110001000110000000000005554550000000
000000000001100010001100000000000055545550000000000
00000000000110001000110000000000055555500000000000
0000000000111111111000000000055555000000
00000000001111111110000000000555500000005
00000000001111111110000000000555500000005
000000000011000110001100000000005555500000
00000000001100011000110000000000555555
000000000010010000001001000000000005555555
00000000001001000000100100000000000555555
000000000011111111100000000000055555
000000000011111111100000000000000555
00000000001110110111
0000000000011000100011000000000000000
000000000000000000000000000000000000000000000000000
#






0000000030000003003333300333330030033333
00000000330033003000000300300000030030030000003
0000000033333003000000300333330030030000003
000000003003003003333300330000000030030000003
000000003000000300300000030033300000030030000003
000000003000000300300000030030033000030030000003
000000003000000300300000030030000330030033333


#



0000000000333333000000                      
0000000000333333000000                     
0000000033333333300
0000000033333333300
000000004446646000000
000000004446646000000
0000000064666466600
00000000644666466600
000000006446664666
000000006446664666
0000000066666444400
0000000066666444400
00000000666666660000
00000000666666660000
0000000033133300000000
0000000033133300000000000000000000002222
000000333133133300000000000000022222
00000033313313330000000000000022200002
0000333311113333000000000002220000002
00003333111133330000000000222000000002
0000663151151366000000000222200000022
0000663151151366000000002002220000222
000066611111166600000002000022222222
000066611111166600000022002222222002
00006611111111660000002222222222002
0000661111111166000000222222222222
0000000011100001110000000000226466664622
0000000011100001110000000000006646666466
000000004400000000440000000000006666666666
0000004440000000044400000000006666666666
00004444000000004444000000000666666666
00004444000000004444000000000006666666


#



0000000000000222222
0000000000022222222
0000000000222222222   
0000000000222111222
0000000000221111122              555555
0000000000216464612             5555555
0000000066664646666          55555555
0000000066666666666          5550000555
00000000006664646660           550000000055
00000000006644644660           5500550055
00000000000066444660             555550055
00000000000000666660               55500000055
0000000000001666661              5550000555
0000000000212666212            555005555
0000000022122222122          55555555
0000002221222221222        555005555
0000002221122211222        555005555
0000002221122211222        55555555
0000002211111111122         5555555
0000000011551115511            555555
0000000000155111551
0000000000111111111
0000000000111111111
0000000000011111111
0000000000011111111
00000001111000000001111
00000001222000000002221
000001222210000122221
#




00000000033333300000000000000       
00000000033333300000000000000
000000003333333330000000000
000000003333333330000000000
00000000444664600000000000000
000000004446646000000000000000000000003003003
00000000646664666000000000000000000033333
000000006446664666000000000000000055555555
00000000644666466600000000000000555555555
000000006446664666000000000000556555555
0000000066666444400000000000000556555555
000000006666644440000000000000055616555555
0000000066666666000000000000000000661656555
0000000066666666000000000000000000661656555
00000000331333000000000000000000000066665655
00000000331333000000000000000000000066665655
00000033313313330000000000000000066665655
00000033313313330000000000000000066665655
00003333111133330000000000000007777775555
00003333111133330000000000007777777755
00006631511513660000000000007777777755
0000663151151366000000000000677777665
0000666111111666000000000000677777665
000066611111166600000000000000333333
000066111111116600000000000033773333
000066111111116600000000000037777733
000000001110000111000000000000000077777777
000000001110000111000000000000000077777777
00000000440000000044000000000000007777777777
000000444000000004440000000000007777777777
0000444400000000444400000000333333333333
0000444400000000444400000000333333333333

#






000000111100222220033300555500600006
00000010000100200000020030000005000050060066
00000011110022222003000000500005006006
0000001110000220000000033300555500666
000000111100222000000300000050000500666
0000001000010020022000030000005000050060066
0000001111002000022003330050000500600006



000000000000000000077700100100222
0000000000000000000700700100100002
0000000000000000000700700100100002
0000000000000000000700700100100002
0000000000000000000700700100100002
0000000000000000000700700100100002
00000000000000000007770011100002

#





00112233556677112233556677112233
00005566771122335566771122335566
00000077112233556677112233556677
00000000112233556677112233556677
00000000001122335566771122335566
00000000000077112233556677112233
00000000000000556677112233556677
00000000000000001122335566771122
00000000000000000033556677112233
00000000000000000000556677112233
00000000000000000000005566771122
00000000000000000000000033556677
00000000000000000000000000112233
00000000000000000000000000005566
00000000000000000000000000000077








00000000000000000000000000000044
00000000000000000000000000555555
#









0111110011111001111100111110010011111
00000100000010000000000000010000001000000100100100
00000100000010000000000000010000001000000100100100
00000100000010000000000000010000001111100100100000
00000100000011100000000001000000110000000010011111
0000010000001000000000000001000000111000000100000000001
0000010000001000000000000001000000100110000100000000001
0000010000001000000000000001000000100011000100000000001
00000100000011111000000100000010000110010011111
#
                                           
                                            
        1110022003330055500600777
        00100002000000300005005006007
        00100002200003000055500600777
        001000020000003000055000060000007
        001000022000030000500500600777
             
             
           1111111111111    
           100000000000000000000001
           100000000000000000000001
           1000000000000000000551     111111
           10000000000000000000051     1 00000001
           10000000000000000000051     1 022001
           10000000000000000000051     1 022001
           100000000000000000000001     1 022001
           10000006000000000000001     1 00000001
           10000006000000000000001     111111
           10000006000000000000001
           10000006000000000000001
           100000060006666601
           10000005500003300001
           14400550073300001
           1004455773300001
           1666600711600001
           15500000000001600001
           1550066000016521
           1550066000016521
           1440066000036521
           12440077533521
           1222775553521
